hotel_market,cnt,bk,score
0,1103,58,283.148
1,1286,256,474.246
2,316946,19806,89195.2
3,6454,836,2116.32
4,171685,14053,51978.3
5,73751,5384,21546.6
6,42698,1502,12234.9
7,31007,3176,9407.28
8,82370,6848,24796.4
9,4087,689,1425.69
10,69666,5775,20365.1
11,28903,1419,8021.96
12,145667,9865,40190.4
13,84904,10233,27144.7
14,7095,920,2333.03
15,33281,3738,10559.2
16,25213,3042,8231.27
17,1214,157,389.647
18,679,126,248.849
19,808495,56677,227875
20,149710,13212,45149.7
21,29701,2022,8361.67
22,105848,9899,31377.7
23,38921,3629,11569.5
24,120185,10917,35404.8
25,713,126,258.899
26,18703,2156,5927.48
27,650852,35398,176833
28,131333,8815,37312.9
29,438622,26496,121675
30,24416,1736,7026.85
31,2064,310,708.853
32,59279,5309,18030.3
33,8993,983,2860.49
34,1209,212,417.496
35,173458,10030,47856.1
36,113698,8974,33876.5
37,6111,729,1936.87
38,26684,3017,8573.76
39,50358,5374,15246.3
40,13877,347,3553.59
41,5463,514,1614.76
42,1767,191,564.047
43,42177,3899,12148.8
44,72257,2621,17961.4
45,9663,1119,3032.46
46,412945,25705,114982
47,79516,7353,23943
48,593,103,206.499
49,1354,167,455.746
50,1194,148,389.947
51,9676,1035,2981.77
52,48950,2636,12704.4
53,3121,188,817.113
54,1576,156,507.895
55,12721,1533,3939.92
56,1123,112,326.047
57,2587,357,822.759
58,59936,2067,16728.6
59,44798,1016,13050.1
60,22477,752,5525.86
61,328653,24343,93062.4
62,15121,582,3810.23
63,4489,489,1354.84
64,8850,632,2419.27
65,27129,3039,8553.86
66,12340,1071,3823.56
67,4688,454,1411.65
68,34981,1463,9456.63
69,91202,6379,26860.3
70,26112,964,7191.17
71,268,34,85.7502
72,39364,2953,11309.6
73,93269,1297,25677.4
74,26029,692,7206.46
75,6131,419,1658.07
76,29628,2948,8835.3
77,2650,291,840.911
78,512,54,152.85
79,62536,3233,16554.6
80,27538,1801,7982.59
81,4924,176,1244.49
82,2726,94,676.604
83,199593,6334,53061.6
84,2754,300,850.509
85,20969,1584,6057.16
86,1673,78,414.145
87,8824,767,2448.66
88,135264,12958,41284.9
89,2214,211,657.851
90,8143,685,2384.23
91,185684,10550,53000.8
92,11962,931,3513.52
93,586,80,181.4
94,4366,426,1258.24
95,2454,255,751.057
96,2022,183,600.299
97,13125,1456,3961.9
98,4897,403,1475.1
99,43706,1102,10635.8
100,30356,1606,7921.01
101,15901,957,4362.64
102,6900,772,2178.76
103,12855,1244,3833.33
104,13093,708,3357.67
105,155,24,55.8
106,62386,4538,17184.1
107,269330,18223,75687.9
108,103076,6368,28983.8
109,16134,836,4525.27
110,752637,22832,216522
111,52487,1735,15220.9
112,3057,268,898.015
113,22859,3035,7539.03
114,7156,241,1877.3
115,3786,335,1103.77
116,8002,926,2502.65
117,1770,125,531.496
118,175280,5487,48470.8
119,327,40,105.25
120,15214,762,4390.89
121,89901,11633,29237.9
122,11947,2153,4320.08
123,5820,436,1597.67
124,6361,774,1995.38
125,6389,869,2124.57
126,446797,12443,124041
127,1133,240,443.097
128,7743,529,2116.24
129,3759,409,1158.43
130,3320,418,1075.17
131,6234,777,2029.13
132,38416,2752,10834.7
133,22158,2476,6738.44
134,27495,3800,8964.24
135,13045,1851,4242.87
136,50979,2757,14518.1
137,825,155,305.149
138,1507,329,589.099
139,3442,261,966.017
140,2945,129,739.056
141,13392,1501,4281.37
142,19375,1822,5849.92
143,15092,1293,4365.2
144,8307,835,2567.19
145,806,64,238.599
146,8947,708,2505.74
147,300,11,69.9502
148,555,22,125.65
149,490,52,164.35
150,23463,1920,6964.46
151,11004,1257,3566.53
152,44683,3208,12770.6
153,321234,18944,89067.2
154,20647,1815,5973.47
155,102233,8663,29804.4
156,15813,1407,4800.56
157,1700,290,607.851
158,26578,1315,7251.57
159,16518,1707,5025.32
160,14919,1996,5071.3
161,1423,145,421.896
162,4839,618,1550.15
163,936,104,284.898
164,1659,284,594.499
165,1710,282,617.249
166,4675,274,1344.29
167,11258,1131,3328.05
168,13933,1037,4015.85
169,883,56,229.399
170,1123,84,318.147
171,24489,2675,7562.72
172,7237,712,2155.67
173,1604,146,483.945
174,785,102,268.349
175,849,56,219.799
176,1263,87,339.597
177,12456,809,3387.92
178,2977,251,868.562
179,605,32,145.85
180,3205,372,988.967
181,6461,289,1846.68
182,2252,435,843.307
183,693,71,202.399
184,1168,58,302.497
185,8458,243,2152.29
186,26401,2450,7823.02
187,1780,171,514.344
188,1235,112,361.147
189,1736,290,617.149
190,13228,665,3145.65
191,386106,38506,115645
192,42255,5357,13169.4
193,6512,168,1558.87
194,3740,77,841.268
195,9871,282,2444.27
196,27983,849,7785.69
197,59217,2114,15984.3
198,1400,40,344.047
199,64207,1426,16812.5
200,26662,517,6982.47
201,89526,2537,24580
202,43740,1303,11273.6
203,46075,853,12928.2
204,35542,1034,9421.53
205,1779,78,442.645
206,5933,216,1579.72
207,605,26,174.95
208,3382,99,834.762
209,29054,1173,8103.43
210,190,18,51.3
211,2573,46,568.445
212,517212,21951,143799
213,198775,7026,54246.8
214,65024,2346,17197.6
215,766,43,199.449
216,1451,72,388.346
217,8750,668,2656.07
218,5820,468,1673.17
219,5682,504,1747.71
220,2751,193,751.007
221,642,90,209.999
222,67814,2968,18824.5
223,6253,569,1858.78
224,2914,265,838.011
225,13721,1025,3732.06
226,1426,209,463.846
227,459,68,151.55
228,47983,3002,13707.4
229,3547,347,1102.42
230,107173,9353,31744.9
231,30535,1034,7773.9
232,248851,15180,70444.9
233,6272,672,2000.33
234,1819,182,540.796
235,2104,177,597.449
236,12419,1474,3893.55
237,7542,423,1933.3
238,911,59,243.949
239,4589,179,1138.14
240,1527,73,395.046
241,3499,328,1051.92
242,819,46,215.199
243,5761,347,1507.31
244,34104,1826,10090.1
245,212221,12644,58496
246,4710,774,1668.65
247,587,88,200.8
248,1972,166,566.346
249,1971,271,632.8
250,2343,390,814.657
251,397,69,138.9
252,2775,145,731.355
253,33687,2384,9223.75
254,23598,3243,7664
255,7759,895,2482.9
256,2834,128,758.457
257,2745,295,833.061
258,1685,243,559.797
259,1250,155,393.496
260,331,60,121.05
261,202,24,62.2501
262,11315,1473,3703.15
263,1140,102,340.647
264,25190,1918,7481.48
265,1849,199,567.548
266,12937,648,3422.64
267,2394,174,647.402
268,5691,944,1996.47
269,2770,406,944.213
270,736,133,260.049
271,706,115,242.199
272,612,80,192.8
273,2264,234,692.553
274,698,62,192.649
275,232265,17846,66224.1
276,6745,956,2262.54
277,19450,1626,5536.63
278,72684,7417,22359.3
279,158,34,62.65
280,1765,319,634.601
281,3803,628,1330.78
282,157,32,59.3
283,437,52,134.5
284,1586,249,534.296
285,733,111,247.349
286,942,122,296.748
287,8330,1041,2677.62
288,2659,264,784.058
289,1461,266,520.696
290,6281,460,1730.28
291,443,75,154.5
292,6120,892,2050.98
293,5239,679,1716.01
294,2813,424,945.113
295,471,48,142.05
296,3041,387,979.068
297,464,58,145
298,1656,66,433.945
299,7108,614,2045.69
300,10618,981,3189.77
301,9709,405,2463.15
302,3687,305,1040.77
303,8405,1135,2785.1
304,5970,810,1939.88
305,7924,857,2397.67
306,9330,755,2573.58
307,6281,818,2004.13
308,6576,857,2077.48
309,11007,1313,3351.17
310,6542,919,2090.88
311,3916,590,1310.18
312,10531,1223,3275.29
313,98649,6844,28681.9
314,3027,137,795.81
315,439,34,113.65
316,415,31,117.4
317,150,5,34.1
318,76,2,16.4
319,758,147,281.099
320,206,11,50.45
321,2123,171,581.997
322,268,8,62.9001
323,448,21,115.35
324,211,9,57.3
325,614,56,166.85
326,1949,137,528.494
327,340,13,88.1502
328,3230,158,832.862
329,10332,716,2880.86
330,5484,498,1636.41
331,27399,2072,8036.69
332,8693,758,2613.63
333,2568,223,753.406
334,170,20,52.55
335,2482,159,647.552
336,1787,134,497.594
337,326,38,99.5002
338,702,62,203.899
339,1282,150,394.797
340,3533,500,1152.53
341,2284,327,758.555
342,137,13,40.15
343,962,133,305.498
344,293,51,106.2
345,579,100,201.25
346,1523,197,478.395
347,140,25,48.85
348,2892,499,1023.72
349,484,50,152.3
350,176063,21439,55418.8
351,11399,1175,3388.38
352,13380,1529,4142.44
353,4589,668,1541.65
354,10284,1073,3067.13
355,77741,6357,21744.4
356,8674,877,2537.19
357,55288,3466,14366.2
358,46066,4983,13965.2
359,2508,288,732.606
360,45576,6671,15178.6
361,34966,3493,10185.1
362,3276,355,994.766
363,26040,2650,7677.72
364,41112,3124,11341.8
365,764146,68722,220650
366,384414,27637,107055
367,130425,7965,34110.1
368,491737,33525,132939
369,90461,8069,25505.5
370,103523,8899,29606.1
371,77285,12191,26429.5
372,5296,676,1707.61
373,6,0,0.9
374,60607,9396,20559
375,3006,612,1160.27
376,23523,3424,7937.86
377,24856,2503,7389.37
378,15037,2002,4904.78
379,11083,1741,3858.8
380,11828,1919,4092.7
381,10525,1414,3494.34
382,6455,1047,2221.85
383,17013,977,4504.95
384,168777,16659,50805
385,12404,836,3205.21
386,2262,365,768.207
387,31210,3715,9778.77
388,2271,537,929.559
389,428,36,122.25
390,52419,7070,17238.3
391,60252,5265,17570.2
392,11778,1957,4071
393,12777,2192,4513.38
394,6242,913,2112.46
395,4685,770,1629.55
396,3330,674,1276.87
397,256453,27973,77648.1
398,7482,1271,2642.43
399,242658,24795,73527.2
400,15082,2033,4823.88
401,58171,5506,17418
402,54506,3714,15182.8
403,7954,1355,2801.41
404,17944,3020,6199.12
405,30701,1323,8337.9
406,135698,18304,43613.4
407,16517,2127,5199.17
408,5623,591,1666.12
409,142006,19928,46645.6
410,4279,478,1292.54
411,228270,15870,63443.2
412,150696,13312,43492.3
413,13692,750,3528.06
414,63087,8132,20110.8
415,3976,382,1167.88
416,3670,598,1270.18
417,8167,1400,2889.29
418,1064,143,345.797
419,779,149,295.849
420,17145,2660,5848.03
421,1398,248,490.846
422,5141,813,1775.31
423,9671,1556,3321.39
424,2890,524,1041.96
425,7093,990,2309.29
426,4839,860,1704.1
427,33093,3047,9349.25
428,3984,700,1408.18
429,2947,436,973.463
430,2491,420,868.058
431,6661,949,2205.01
432,8921,730,2494
433,2866,517,1030.02
434,2403,380,848.909
435,8276,1183,2736.51
436,2776,303,831.761
437,3752,632,1330.73
438,15400,2368,5213.73
439,4604,800,1607.95
440,3886,673,1390.48
441,3361,558,1165.97
442,5390,616,1613.86
443,2664,456,943.961
444,9188,1574,3215.93
445,1208,139,364.447
446,2182,384,787.056
447,40781,4799,12729.8
448,8883,340,2092.42
449,3674,703,1343.08
450,11714,1769,3990.87
451,6465,1171,2347.18
452,11183,1674,3749.94
453,15940,1961,5022.42
454,6077,664,1837.07
455,15971,2238,5206.26
456,3518,526,1202.38
457,1151,199,416.797
458,4173,773,1528.14
459,420,85,158.2
460,1321,188,434.596
461,1329,254,498.196
462,2680,486,946.96
463,10192,1606,3449.33
464,3529,452,1098.97
465,940,146,325.098
466,14830,2335,4966.11
467,2295,153,616.199
468,1125,207,410.547
469,2481,318,788.858
470,3095,363,931.518
471,2328,407,815.308
472,983,214,381.098
473,2147,141,538.794
474,2608,462,931.211
475,7086,989,2327.93
476,10607,1401,3342.14
477,2024,421,764.205
478,8237,1675,3081.02
479,1632,313,598.449
480,7397,1195,2512.3
481,7199,1159,2531.95
482,3830,656,1326.84
483,2016,405,768.004
484,530,91,188.05
485,10122,1474,3374.34
486,2682,460,937.163
487,4688,614,1480.6
488,15006,2276,5025.61
489,12747,2067,4331.98
490,1076,206,393.347
491,2486,448,895.009
492,1574,288,571.198
493,16112,2852,5719.55
494,2074,371,759.205
495,2785,507,1018.96
496,4760,399,1301.74
497,904,197,357.798
498,10108,1632,3492.75
499,4658,811,1676.7
500,7060,1171,2458.76
501,1931,302,651.05
502,9880,1383,3272.88
503,33704,2867,9774.24
504,1673,286,590.948
505,2480,341,799.257
506,1343,245,483.346
507,1593,302,573.048
508,4800,835,1703.1
509,4310,455,1272.39
510,3347,531,1166.72
511,13862,2220,4730.76
512,4369,737,1528.44
513,3000,536,1084.87
514,6232,1057,2174.7
515,1390,240,491.696
516,10809,667,2834.87
517,4424,507,1344.94
518,2023,188,580.397
519,8750,656,2360.17
520,13542,2119,4755.18
521,6973,944,2249.35
522,13456,1278,3891.77
523,5059,866,1791.26
524,4391,903,1689.79
525,4213,700,1493.09
526,1040,146,336.948
527,14448,2002,4679.22
528,7360,1215,2542.65
529,20146,1863,5671.57
530,9414,1519,3243.43
531,2906,527,1047.37
532,4991,762,1705.55
533,18350,2887,6241.76
534,7791,1404,2791.3
535,1361,197,444.796
536,1441,250,517.146
537,1211,268,474.397
538,38238,5101,12206.7
539,18235,2332,5835.74
540,2379,406,849.408
541,5789,850,1929.62
542,501,102,194.25
543,1705,262,571.748
544,15390,1416,4451.71
545,1278,173,427.096
546,11627,2029,4145.86
547,1307,185,438.646
548,4693,783,1629.2
549,2095,339,725.854
550,25317,3743,8371.34
551,3819,677,1371.08
552,8576,1151,2759.39
553,17517,2410,5622.17
554,8192,401,2026.97
555,711,156,276.449
556,7067,1210,2509.9
557,3860,307,1033.03
558,18302,1504,5189.15
559,4005,781,1478.69
560,1414,177,440.096
561,23708,2788,7218.16
562,9916,1079,2972.51
563,9469,1488,3307.09
564,5930,1026,2122.41
565,4607,852,1671.8
566,16497,2122,5318.24
567,1598,307,584.348
568,4051,597,1345.54
569,6903,454,1782.49
570,24172,3461,7913.6
571,7274,1073,2435.32
572,15128,2306,5130.76
573,3152,474,1058.12
574,4680,706,1584.75
575,1858,325,662.652
576,8692,727,2478.56
577,5533,710,1739.81
578,1755,252,569.698
579,5658,832,1872.62
580,1761,312,630.45
581,9924,1601,3420.06
582,20868,1710,6009.92
583,5779,929,1995.57
584,6326,1065,2225.59
585,24826,1736,6650
586,2101,318,714.003
587,20790,2681,6573.2
588,3791,234,985.523
589,7853,1404,2766.56
590,8774,714,2441.12
591,18931,2741,6262.37
592,13177,1966,4438.09
593,15053,2151,4951.47
594,1494,264,556.797
595,5229,624,1628.76
596,6975,1186,2445.26
597,4839,865,1725
598,9343,873,2658.56
599,10920,1058,3179.91
600,8816,1536,3097.26
601,1625,316,606.248
602,5160,836,1769.36
603,2618,379,872.962
604,3365,501,1160.42
605,2043,334,702.854
606,4800,924,1794.05
607,9500,935,2726.71
608,4948,338,1288.75
609,8439,1292,2885.55
610,2914,491,1040.02
611,27401,2159,7645.77
612,1935,356,693.953
613,6950,1075,2385.57
614,11485,1249,3464.44
615,1776,216,551.846
616,5818,1037,2083.46
617,9814,631,2573.63
618,4685,741,1585.25
619,8148,1251,2752
620,1851,334,678.403
621,4573,756,1586.3
622,645,124,243.849
623,96407,6967,26629
624,15974,1697,4840.04
625,1799,286,647.951
626,5622,808,1854.17
627,82057,5164,21821.8
628,1771105,130374,547836
629,19466,2481,6195.25
630,3881,706,1390.63
631,13808,1622,4149.45
632,1855,348,664.652
633,61217,8231,20562.1
634,10856,1712,3720.62
635,2664,368,859.41
636,94104,4708,25861.7
637,462421,45395,137517
638,30390,4186,9801.71
639,31118,4544,10309.7
640,38849,5528,12800.5
641,68464,10516,23086.1
642,42535,2164,10514
643,48322,6732,15706.2
644,22901,3177,7426.92
645,29696,3546,9270.51
646,93672,12186,29868.4
647,87646,9109,26046.6
648,35045,4795,11305.1
649,29653,3460,9064.64
650,24512,1414,6518.38
651,12706,1584,3982.23
652,2554,214,723.406
653,16152,2303,5250.98
654,23892,2617,7146.72
655,3922,407,1180.73
656,146749,18816,46707.8
657,11960,1355,3625.32
658,29243,1550,7509.43
659,223224,19974,64923.3
660,138936,16061,42708.4
661,65374,9553,21740.6
662,31974,2798,9257.47
663,293981,29958,87730.5
664,29486,4474,9920.18
665,10166,624,2715.55
666,28197,1614,7363.83
667,2240,200,620
668,5176,527,1540.15
669,6677,568,1888.08
670,39161,4387,11936.8
671,37641,1648,9429.27
672,4493,295,1226.98
673,22879,2582,7115.73
674,77592,9102,24220.3
675,1586449,96262,437482
676,166371,13716,46926.7
677,73672,5803,20279.8
678,59568,8243,19319
679,45280,2872,12097.3
680,42137,4865,12901.4
681,102953,3285,24911.7
682,853798,44022,227566
683,30441,1271,7667.01
684,24288,3892,8258.99
685,93915,5096,24537.4
686,77095,8116,23091.4
687,187,17,55.8501
688,63760,7873,20026.6
689,49308,5052,14640.5
690,223954,23802,67826
691,34750,1930,8890.67
692,7520,921,2372.58
693,21198,1538,5713.71
694,56888,3593,14907.9
695,24933,1143,6103.23
696,121970,15311,38857.2
697,44361,6315,14594
698,21002,3115,7032.65
699,281905,19406,76681.5
700,58038,3593,15428.5
701,764911,44361,203249
702,43996,2511,11434.1
703,59441,5031,16683.4
704,4406,469,1288.94
705,34208,2451,9279.29
706,6711,1094,2301.98
707,23903,1350,5867.94
708,5666,871,1946.56
709,7368,922,2297.54
710,9881,1255,3175.93
711,5441,785,1821.56
712,30727,2129,8281.16
713,4404,650,1471.14
714,13267,2230,4583.12
715,8957,1258,2925.77
716,4297,723,1515.64
717,907,151,318.998
718,14345,745,3622.92
719,5222,785,1762.46
720,1194,206,422.597
721,9888,1769,3503.14
722,260,31,82.7501
723,14863,2643,5236.3
724,14052,1816,4437.63
725,5058,869,1796.95
726,15481,2521,5365.51
727,4968,702,1625.75
728,5288,731,1736.96
729,4209,686,1471.29
730,5618,731,1781.97
731,11929,1854,3996.95
732,2186,207,616.199
733,6013,1016,2091.26
734,14329,2174,4814.46
735,9158,1670,3311.34
736,7938,1242,2650.77
737,9607,1593,3336.93
738,9068,1551,3221.31
739,2987,467,998.315
740,1893,331,681.402
741,13796,2045,4562.36
742,10467,433,2540.95
743,100220,11755,30937.5
744,9714,1543,3283.9
745,18457,1629,5329.56
746,4756,617,1536.4
747,8732,1404,3014.32
748,6670,1086,2290.08
749,2595,248,761.457
750,159237,10001,43628.3
751,21104,1702,6107.81
752,512,47,149.15
753,6870,623,2042.09
754,2382,297,772.807
755,1999,220,599.199
756,22547,1638,6686.56
757,5094,209,1231.14
758,1837,175,534.995
759,4884,309,1400.3
760,112,19,38.65
761,10365,933,2927
762,5296,832,1806.76
763,5391,580,1638.91
764,7435,865,2291.98
765,2574,354,863.409
766,4468,452,1298.64
767,6143,894,1980.68
768,8908,699,2473.65
769,8785,510,2308.4
770,27641,2240,8046.97
771,16902,1148,4671.86
772,12702,736,3335.76
773,14938,1252,4413.59
774,23835,1817,6978.73
775,2448,277,740.955
776,342,64,122.8
777,6237,612,1827.38
778,1533,179,487.095
779,1905,212,598.999
780,2054,89,515.443
781,2401,217,694.304
782,1198,94,354.247
783,2719,247,827.059
784,1340,156,427.046
785,3084,445,1022.37
786,2274,541,911.51
787,3467,715,1337.23
788,4691,835,1691.4
789,2839,528,1038.17
790,1766,182,505.394
791,4938,880,1759.95
792,1183,222,439.197
793,529,103,188.65
794,8156,735,2265.36
795,489,32,128.75
796,3217,228,946.365
797,2165,230,674.301
798,11219,848,3159.82
799,21151,1567,5875.46
800,738,93,235.349
801,1171,61,303.697
802,242,12,59.5501
803,10056,1391,3285.67
804,1514,100,404.045
805,872,109,274.899
806,55,3,15.45
807,44106,3055,12622.8
808,16096,897,4164.33
809,35561,2477,10016.2
810,12437,1785,4109.12
811,6231,515,1802.68
812,1418,60,346.796
813,529,52,155.2
814,8432,584,2385.67
815,763,60,204.749
816,523,108,203.7
817,412,80,156.2
818,217,36,73.0501
819,254,49,96.4001
820,167,37,67.6001
821,9518,336,2294.76
822,7632,433,1986.36
823,1539,110,435.946
824,3927,707,1403.34
825,618,132,236.849
826,828,133,279.099
827,5282,517,1561.81
828,2130,352,742.904
829,2739,529,1011.41
830,1429,199,452.496
831,844,73,235.599
832,2072,395,768.504
833,936,150,318.748
834,872,176,322.548
835,1920,265,664.901
836,443,77,165.65
837,1958,165,548.096
838,2029,274,643.151
839,1441,194,468.196
840,206,28,63.8501
841,1657,257,557.897
842,2164,422,802.258
843,1663,288,580.798
844,779,122,266.299
845,743,137,263.599
846,1809,163,509.194
847,413,88,159.1
848,951,198,353.998
849,385,68,135.8
850,1723,207,528.295
851,222,40,80.9501
852,837,140,287.899
853,4102,473,1254.38
854,436,77,153.95
855,1344,237,483.746
856,1582,287,562.997
857,2344,327,754.955
858,552,115,213.85
859,2870,454,987.114
860,745,132,263.399
861,2523,429,893.86
862,2204,319,782.356
863,2068,383,761.903
864,1551,332,595.248
865,295,52,107.5
866,417,81,158.25
867,839,172,320.048
868,2736,437,947.763
869,3322,549,1158.92
870,1518,305,573.198
871,4320,833,1591.74
872,2125,299,683.152
873,1197,193,410.797
874,443,103,174.25
875,699,147,262.799
876,2343,365,795.055
877,1861,139,501.094
878,1682,307,607.749
879,6443,650,1893.58
880,705,123,263.849
881,1159,228,436.647
882,2506,417,867.308
883,288,60,110.1
884,1684,306,598.949
885,387,82,145.75
886,479,52,140.65
887,6959,524,1898.84
888,993,55,250.299
889,8699,900,2691.57
890,15510,1009,4096.81
891,6651,498,1860.08
892,2966,230,822.81
893,1627,295,574.748
894,1075,146,351.048
895,2116,188,598.998
896,229,45,84.9001
897,1422,240,496.946
898,780,140,283.249
899,435,95,170.75
900,2200,408,796.807
901,3054,482,1043.02
902,420,95,164.75
903,1045,203,407.147
904,820,135,289.199
905,1538,272,555.348
906,841,169,315.699
907,752,145,280.299
908,2311,508,901.46
909,936,154,328.298
910,13022,2088,4434.26
911,456,81,162.75
912,498,98,187.1
913,231,47,86.7501
914,1093,179,379.997
915,6045,638,1812.12
916,1792,155,511.544
917,3041,218,797.911
918,5695,369,1508.61
919,18839,1252,5009.45
920,3719,304,1059.27
921,3016,260,841.564
922,4381,285,1207.54
923,1420,207,457.495
924,5019,223,1266.6
925,434,92,176.15
926,8093,1359,2812.6
927,305,67,119.8
928,1926,371,707.303
929,3059,561,1113.77
930,2480,402,864.309
931,2098,387,756.756
932,6960,881,2211.4
933,979,202,374.948
934,11887,1285,3627.32
935,1647,336,620.699
936,1706,357,657.6
937,1928,411,742.054
938,7162,1157,2478.35
939,4725,574,1522.65
940,383,26,102.95
941,9797,995,3000.85
942,4036,225,1010.88
943,10022,1068,3081.5
944,2922,333,910.214
945,7824,1104,2593.64
946,7138,1241,2543.9
947,6133,992,2117.21
948,953,150,320.848
949,1725,329,633.651
950,1457,259,515.946
951,81327,6771,24149.7
952,2225,306,722.705
953,12879,2153,4492.39
954,4961,785,1716.25
955,1969,368,742.254
956,1866,146,527.745
957,2175,381,777.456
958,1528,92,409.546
959,2134,142,551.946
960,10524,1268,3275.91
961,1549,288,574.047
962,23612,2316,6801.71
963,4889,983,1831.31
964,2842,422,938.013
965,2739,500,1003.41
966,31927,2121,9131.43
967,13564,2505,4970
968,2741,480,984.312
969,8431,1402,2968.23
970,7918,1084,2531.96
971,761,93,224.549
972,3020,366,966.314
973,3724,549,1244.73
974,6039,695,1816.33
975,3128,462,1066.52
976,294,38,89.7502
977,8196,707,2367.68
978,706,40,175.45
979,1182,124,359.197
980,758,86,241.699
981,1203,140,376.697
982,5597,538,1720.21
983,1490,189,488.095
984,3635,610,1264.78
985,2256,379,782.207
986,2382,346,782.806
987,3826,314,1132.58
988,9238,778,2640.82
989,1289,232,460.897
990,1171,222,428.697
991,3049,421,984.415
992,1237,91,323.497
993,7944,1066,2542.14
994,1723,301,609.999
995,648,58,182.05
996,14785,906,4288.28
997,1087,98,330.198
998,11334,608,3094.58
999,79,5,21.05
1000,4333,435,1360.39
1001,5069,562,1550.25
1002,156,13,40.3
1003,40182,3880,11944.2
1004,1360,196,457.146
1005,651,65,190.55
1006,2783,456,947.413
1007,1001,188,370.248
1008,35,3,10.95
1009,399,50,122
1010,2801,333,838.661
1011,1891,333,677.101
1012,6097,455,1628.98
1013,6275,883,2175
1014,2995,138,745.659
1015,17262,2606,5770.66
1016,209,14,56.4501
1017,927,125,299.448
1018,2948,476,1017.21
1019,1306,252,478.197
1020,11186,1129,3479.16
1021,5335,717,1701.21
1022,458,66,145.95
1023,42512,2155,11727.7
1024,181,26,56.3001
1025,1697,197,510.794
1026,324,56,115.55
1027,659,121,240.849
1028,639,83,199.249
1029,3409,404,1029.07
1030,7859,1107,2551.04
1031,500,99,183
1032,34390,1998,10339.4
1033,37849,3552,11262.7
1034,2208,224,688.252
1035,2294,196,668.801
1036,1706,104,443.745
1037,4543,769,1620
1038,7634,661,2235.15
1039,39885,3407,11851.4
1040,1239,118,373.897
1041,625,80,203.45
1042,10664,1614,3555.28
1043,301,41,99.8002
1044,231,22,66.5501
1045,7899,689,2291.2
1046,151,14,47.9
1047,10974,721,3044.69
1048,3034,439,1017.27
1049,3481,383,1099.42
1050,2036,128,516.493
1051,760,118,266.049
1052,3049,483,1032.47
1053,2012,414,761.704
1054,2349,421,837.408
1055,973,214,377.648
1056,2299,492,879.008
1057,1902,362,696.803
1058,4858,720,1623.5
1059,4647,726,1596.5
1060,79,13,29.35
1061,3067,592,1127.52
1062,706,130,251.499
1063,1246,240,461.546
1064,188,28,60.1001
1065,770,40,195.399
1066,576,74,183.65
1067,1483,136,415.596
1068,5372,484,1627.36
1069,2243,298,692.053
1070,471,66,152.7
1071,1369,203,459.646
1072,2933,380,941.766
1073,92,16,32.5
1074,1690,56,402.645
1075,319,39,108.6
1076,2930,510,1036.52
1077,5418,833,1832.36
1078,4975,412,1395
1079,2084,116,584.599
1080,792,25,188.05
1081,1418,177,465.896
1082,2796,534,1043.11
1083,2742,275,802.56
1084,609,54,186.45
1085,2288,218,680.901
1086,985,114,305.548
1087,3262,533,1133.17
1088,559,25,141.4
1089,30180,3145,9199.43
1090,1182,235,441.547
1091,983,112,304.298
1092,3515,133,896.667
1093,515,22,139.15
1094,2004,138,514.343
1095,211,34,71.9501
1096,449,84,159.6
1097,613,112,223.449
1098,964,148,324.398
1099,1244,209,440.597
1100,1823,335,663.202
1101,3506,561,1210.68
1102,538,106,202.3
1103,793,137,273.499
1104,602,122,223.7
1105,429,55,135.25
1106,1243,203,436.697
1107,8101,1348,2887.71
1108,89307,7139,25731
1109,17,1,4.3
1110,1468,242,504.945
1111,2598,330,814.509
1112,2014,360,733.804
1113,2898,153,734.105
1114,402,58,139.15
1115,6147,837,2004.83
1116,7315,1500,2768.97
1117,596,63,187.2
1118,2248,209,642.651
1119,2516,426,887.561
1120,2985,416,992.314
1121,2490,438,878.858
1122,4813,756,1619.3
1123,421,81,151.65
1124,1784,308,628.55
1125,1637,364,636.25
1126,1485,286,557.198
1127,822,155,298.549
1128,557,45,145.5
1129,1136,53,286.698
1130,831,77,255.799
1131,2926,481,1015.02
1132,192,25,61.0001
1133,1496,283,540.997
1134,1697,321,620.099
1135,1311,93,358.347
1136,1251,283,511.147
1137,434,45,127.5
1138,920,158,324.348
1139,1632,258,560.548
1140,680,94,223.299
1141,2557,398,885.808
1142,1319,215,454.396
1143,2431,369,806.709
1144,4969,814,1757.55
1145,2164,413,811.106
1146,854,95,251.449
1147,1441,251,514.996
1148,3092,503,1071.97
1149,3219,477,1076.72
1150,9493,478,2526.55
1151,1648,224,551.748
1152,54,8,17.9
1153,3840,465,1203.78
1154,2512,486,934.81
1155,3041,523,1071.27
1156,1399,109,377.046
1157,1124,211,405.997
1158,3625,785,1384.58
1159,1407,148,422.346
1160,360,59,125.75
1161,251,62,98.6001
1162,734,62,206.749
1163,444,65,142.4
1164,1654,272,576.348
1165,2017,301,684.403
1166,179,20,51.2
1167,5249,824,1806.56
1168,3884,680,1378.44
1169,1602,282,575.098
1170,3814,619,1321.78
1171,2250,375,784.357
1172,1659,348,631.5
1173,502,123,203.4
1174,2780,498,1000.06
1175,459,85,169.15
1176,1331,279,501.896
1177,8157,1612,3088.22
1178,1021,45,273.598
1179,30018,2697,8458.64
1180,4881,823,1714.5
1181,4519,749,1592.65
1182,1908,290,644.451
1183,83,13,28.15
1184,950,216,384.748
1185,4029,662,1400.03
1186,254,51,93.0002
1187,2173,245,652.402
1188,386,38,108.8
1189,2437,215,723.354
1190,3204,330,963.765
1191,6860,1283,2495.6
1192,1526,104,405.045
1193,17512,1575,5089.77
1194,2854,119,734.906
1195,17378,1463,4925.92
1196,8568,360,2249.15
1197,2265,131,596.599
1198,4379,435,1348.39
1199,39,1,8.65
1200,2377,276,709.505
1201,1097,105,310.498
1202,308,34,84.5502
1203,9256,1417,3134.86
1204,1308,127,386.046
1205,1884,125,503.294
1206,335,45,112.95
1207,631,76,197.5
1208,1998,259,643.151
1209,562,54,172.8
1210,42,1,11.5
1211,125,14,36.95
1212,208,19,63.5501
1213,40,5,11.3
1214,222,12,56.2501
1215,896,99,268.648
1216,990,110,307.998
1217,129,12,38.85
1218,6,0,1.05
1219,18,0,4.2
1220,1015,104,306.048
1221,297,10,69.1002
1222,311,24,90.9002
1223,112,7,32.8
1224,233,7,46.45
1225,2341,350,808.708
1226,6386,796,2114.71
1227,1189,144,384.897
1228,3216,579,1160.72
1229,4719,242,1325.49
1230,600015,51112,171648
1231,3962,169,1117.62
1232,630,86,213.65
1233,1476,327,573.749
1234,2266,516,900.009
1235,63050,5082,17610.4
1236,11091,1340,3513.94
1237,368,44,113.3
1238,1602,208,546.247
1239,19180,2150,5967.79
1240,46311,3087,13301
1241,104429,13610,33344.1
1242,261050,17289,73678.2
1243,5525,434,1570.31
1244,2972,148,747.707
1245,650,58,188.349
1246,676,91,225.099
1247,307,20,80.4501
1248,2476,307,756.557
1249,5494,791,1808.21
1250,5565,753,1777.26
1251,331,38,95.3002
1252,235,9,52.8001
1253,515,58,151.15
1254,441,55,138.1
1255,619,67,183.25
1256,8612,472,2180.28
1257,3369,349,1007.67
1258,132156,9836,37011.5
1259,2023,442,800.355
1260,381,42,123
1261,4078,692,1428.54
1262,2668,385,862.91
1263,7041,970,2275.49
1264,1964,418,770.356
1265,4206,670,1459.64
1266,2075,425,779.305
1267,1864,355,690.102
1268,1165,261,462.747
1269,2158,368,756.805
1270,2404,483,897.461
1271,3556,682,1338.28
1272,571,62,167.6
1273,474,22,112.6
1274,1327,181,437.196
1275,276,7,61.9001
1276,212,18,66.3
1277,8719,617,2329.59
1278,543,55,159.7
1279,1327,192,439.797
1280,3843,209,979.872
1281,8412,845,2580.78
1282,1729,292,606.399
1283,528,82,177.55
1284,2589,473,953.01
1285,1085,103,320.498
1286,5288,644,1617.71
1287,1281,261,484.646
1288,250,19,64.9001
1289,227,34,73.9001
1290,3121,516,1098.47
1291,2744,314,848.459
1292,637,111,224.699
1293,1336,122,386.897
1294,2433,401,843.658
1295,4443,436,1293.89
1296,3027,391,967.615
1297,1605,265,554.947
1298,2156,406,798.255
1299,1803,162,529.795
1300,4066,611,1369.14
1301,2534,431,868.56
1302,1289,172,424.746
1303,6320,384,1758.38
1304,2124,366,748.055
1305,3707,625,1304.08
1306,1890,343,677.353
1307,1598,191,513.796
1308,992,97,298.148
1309,4627,814,1650.75
1310,2032,371,751.254
1311,1359,251,484.996
1312,3910,370,1209.13
1313,7091,636,2186.16
1314,244,31,83.2001
1315,76,3,20.85
1316,69,6,20.1
1317,879,168,320.998
1318,565,76,186.4
1319,911,66,256.049
1320,635,118,234.699
1321,3000,335,924.513
1322,4554,598,1489.95
1323,8681,1180,2867.59
1324,8770,972,2714.21
1325,4126,702,1458.34
1326,675,85,206.199
1327,3009,389,983.313
1328,377,79,148
1329,374,72,139.05
1330,718,126,263.549
1331,3484,723,1318.08
1332,2116,284,679.853
1333,745,154,285.699
1334,593,126,229.949
1335,1222,211,423.996
1336,2198,195,657.451
1337,7704,921,2379.78
1338,799,155,301.999
1339,999,176,348.648
1340,635,142,250.299
1341,364,62,133.25
1342,902,148,315.098
1343,1688,131,457.094
1344,1386,179,433.695
1345,2043,320,710.303
1346,398,57,131.7
1347,775,166,301.899
1348,593,100,201.999
1349,532,131,216.199
1350,2697,124,670.754
1351,1254,150,377.547
1352,732,138,258.299
1353,2557,387,868.961
1354,574,96,198.599
1355,1702,332,627.049
1356,346,76,138.4
1357,4630,216,1273.09
1358,192,18,53.8501
1359,1542,280,555.998
1360,1504,273,546.298
1361,940,124,299.198
1362,1112,179,384.047
1363,537,105,199.05
1364,5061,757,1711.06
1365,2056,109,512.943
1366,460,109,183.4
1367,774,144,284.849
1368,202,30,65.5501
1369,1151,213,418.647
1370,4025,555,1356.03
1371,492,77,171.2
1372,924,137,310.998
1373,797,109,253.149
1374,730,131,277.399
1375,611,138,235.349
1376,1494,217,505.745
1377,3188,316,946.765
1378,2891,383,943.714
1379,768,77,222.949
1380,543,86,181.4
1381,207,28,74.5001
1382,467,45,141.9
1383,1178,168,406.497
1384,1650,186,527.846
1385,1139,94,343.897
1386,2034,112,574.148
1387,2867,291,869.412
1388,661,46,178.75
1389,2622,186,762.308
1390,700,54,191.1
1391,2720,217,740.206
1392,6748,592,1935.64
1393,12995,1562,4072.86
1394,1047,41,258.499
1395,2986,302,944.161
1396,8094,1353,2814.25
1397,6056,363,1602.82
1398,2304,421,836.806
1399,5044,150,1316.45
1400,42558,1487,11651.7
1401,12820,1249,3799.5
1402,5731,890,1952.82
1403,271,9,69.6001
1404,1308,59,345.197
1405,159,3,33.6
1406,139,9,33.6
1407,21,1,4
1408,11372,451,2737.52
1409,32389,1611,8657.98
1410,21584,848,5742.68
1411,40404,1441,10920.9
1412,493,49,141.25
1413,635,110,225.349
1414,6532,740,2049.58
1415,462,70,154.75
1416,1309,64,344.647
1417,1915,75,491.243
1418,28609,1247,7314.19
1419,13999,538,3870.13
1420,574,49,166.15
1421,391,21,95.1003
1422,22343,1064,6084.28
1423,2209,91,555.997
1424,7101,364,2045.59
1425,641,18,157.35
1426,1348,90,361.646
1427,404,52,122.2
1428,370,43,114.7
1429,2512,125,614.45
1430,969,102,282.448
1431,208,26,65.0001
1432,1277,79,323.797
1433,9526,301,2539.75
1434,2938,318,845.56
1435,500,46,138.1
1436,12739,1452,3963.78
1437,2941,341,928.264
1438,9069,1069,2888.74
1439,2890,383,949.564
1440,4571,209,1198.89
1441,3041,121,772.76
1442,18247,1016,4720.83
1443,382,26,107.3
1444,2068,226,597.698
1445,2002,260,626
1446,21643,1694,6357.48
1447,33139,2714,9447.83
1448,2950,251,837.811
1449,14256,891,3869.26
1450,26714,3168,8429.57
1451,7510,246,1886.35
1452,36687,4404,11600.4
1453,9144,269,2655.47
1454,13775,463,4130.4
1455,76450,2609,21202.7
1456,17001,601,4746.5
1457,175818,7715,44172.8
1458,261,28,77.6501
1459,155,10,35.8
1460,1371,136,391.596
1461,2395,320,754.707
1462,15353,999,4193.01
1463,34379,3837,10672.1
1464,3952,427,1214.08
1465,3509,404,1088.62
1466,56084,3541,15427.3
1467,7536,936,2436.46
1468,921,37,226.899
1469,1176,122,364.847
1470,508,18,134.1
1471,1616,108,433.645
1472,413,52,126.1
1473,732,78,210.599
1474,22274,687,6268.58
1475,789,146,295.549
1476,1828,266,591.798
1477,1372,110,373.396
1478,15941,1812,4937.18
1479,14315,1341,4235.96
1480,78231,2505,19275.6
1481,13240,480,3606.38
1482,30440,1472,8255.69
1483,1452,176,472.846
1484,8299,644,2311.58
1485,1264,78,319.347
1486,18238,1150,5362.55
1487,826,72,230.699
1488,608,59,171.65
1489,1827,240,586.199
1490,74668,5831,21888.1
1491,6336,189,1547.47
1492,9031,330,2349.34
1493,63129,2006,16549.6
1494,1484,81,375.146
1495,2678,216,725.558
1496,5500,615,1718.76
1497,9709,588,2475.17
1498,2886,147,706.656
1499,2459,90,615.599
1500,17754,1361,5006.27
1501,5918,619,1820.12
1502,47007,1201,12261.5
1503,399288,10360,111845
1504,460,60,150
1505,8535,260,2313.99
1506,528,26,133.85
1507,28318,3041,8509.87
1508,112669,3266,29771.7
1509,186406,8923,52025.2
1510,1126,48,267.148
1511,42889,1042,11725.3
1512,148,22,53.65
1513,1951,251,627.499
1514,12439,1093,3629.27
1515,2003,285,677.85
1516,5878,329,1495.02
1517,48395,4844,14451.6
1518,26842,1489,7283.65
1519,17937,2929,6191.94
1520,300,47,100.25
1521,436,39,127.8
1522,3736,338,1064.32
1523,223,35,75.2001
1524,474,76,161.95
1525,8050,969,2601.59
1526,5547,247,1515.46
1527,412,72,146.25
1528,48075,2078,12969.7
1529,21128,2310,6405.71
1530,18214,2141,5826.25
1531,56182,5118,16696.8
1532,187566,5747,54386.5
1533,3877,293,1057.58
1534,4916,441,1426.55
1535,6298,562,1887.03
1536,2137,145,566.495
1537,1790,248,587.298
1538,15806,1372,4492.88
1539,443,51,147.3
1540,7439,750,2265.34
1541,281,38,92.6002
1542,599,40,150.1
1543,1562,112,407.195
1544,1771,241,568.447
1545,2923,328,908.063
1546,20106,1229,5129.15
1547,57373,2045,15216.9
1548,24545,1281,6504.67
1549,424,52,136.9
1550,222,13,55.1501
1551,209,12,51.9
1552,1798,114,495.745
1553,8674,615,2294.31
1554,4738,585,1480.25
1555,4323,376,1247.69
1556,6226,670,1878.92
1557,4115,483,1306.09
1558,165,18,49.35
1559,15086,542,4226.88
1560,8173,1376,2824.95
1561,2055,286,701.953
1562,231,18,66.0001
1563,1614,155,540.946
1564,22,3,7.05
1565,217,21,62.1001
1566,228,22,66.4001
1567,40,3,14.25
1568,11080,988,3186.86
1569,411,53,137
1570,365,13,82.0003
1571,4646,215,1321.44
1572,263,27,82.0502
1573,2990,328,914.666
1574,350,46,118.15
1575,1090,92,295.848
1576,276,35,94.4001
1577,593,83,196.999
1578,209,28,66.8501
1579,3254,164,783.211
1580,219,27,73.3501
1581,1567,135,471.745
1582,2829,476,1043.31
1583,134,14,39.8
1584,476,19,115.9
1585,39,3,10.2
1586,1353,147,400.196
1587,128,12,41.7
1588,332,55,114.85
1589,523,56,163.55
1590,2271,311,763.256
1591,7588,369,2302.54
1592,979,119,300.948
1593,2216,263,719.605
1594,6228,849,2015.33
1595,1570,215,511.545
1596,529,83,170.3
1597,44,1,10
1598,670,151,260.649
1599,1852,213,580.197
1600,9467,203,2350.14
1601,562,49,159.25
1602,2212,216,660.149
1603,4945,482,1484.05
1604,994,28,258.548
1605,353,50,123.65
1606,103,17,36.5
1607,215,21,69.4501
1608,589,37,149.95
1609,1501,184,456.695
1610,1096,123,353.698
1611,497,30,138.45
1612,4960,427,1414.95
1613,1668,113,440.295
1614,69078,3488,17906.4
1615,2411,52,557.196
1616,16338,550,4198.03
1617,1175,47,280.998
1618,271,34,93.1001
1619,1212,94,321.097
1620,981,217,386.648
1621,394,63,140.7
1622,478,87,167.25
1623,5374,719,1703.66
1624,6364,758,1976.08
1625,2721,314,829.859
1626,3316,157,827.364
1627,4574,625,1498.34
1628,25744,806,6292.05
1629,8820,439,2217.47
1630,16215,882,4087.09
1631,2409,400,836.508
1632,18793,1907,5378.02
1633,26436,2889,8254.58
1634,43293,3105,11927.1
1635,1612,290,572.598
1636,105,3,24.45
1637,5993,1067,2145.85
1638,402,73,148.9
1639,2792,390,894.162
1640,4032,407,1164.83
1641,1801,376,689.353
1642,3078,435,979.216
1643,2571,456,921.762
1644,1263,188,427.546
1645,2667,524,996.812
1646,3804,637,1328.53
1647,470,27,123
1648,2434,305,761.907
1649,5984,926,2022.27
1650,6373,1172,2335.27
1651,523,78,168
1652,532,41,144.5
1653,739,149,279.949
1654,6430,1022,2217.24
1655,539,109,203.2
1656,6500,1125,2287.08
1657,8561,890,2567.73
1658,2315,419,855.659
1659,325,38,96.0501
1660,37,0,6.75
1661,727,156,280.199
1662,1632,165,479.995
1663,2226,306,734.705
1664,2903,455,978.815
1665,777,154,301.599
1666,2664,443,937.112
1667,393,45,116.7
1668,4832,747,1706.75
1669,3327,613,1235.37
1670,2683,369,871.51
1671,617,71,186.65
1672,3141,530,1088.92
1673,2918,546,1056.32
1674,1328,254,487.246
1675,14343,2134,4792.62
1676,85,15,29.85
1677,177,22,61.6
1678,135,13,35.95
1679,153,15,40.8
1680,124,15,38.4
1681,156,7,34.45
1682,239,22,71.9501
1683,339,59,116.3
1684,381,34,102.7
1685,99,12,28.5
1686,68,7,18.25
1687,171,27,58.05
1688,173,30,58.0501
1689,232,17,58.7001
1690,194,11,47.45
1691,277,34,98.3501
1692,179,32,64.8501
1693,734,57,206.699
1694,200,37,72.7001
1695,194,24,65.1001
1696,119,12,35.1
1697,127,16,40.75
1698,777,20,183.95
1699,223,23,65.6001
1700,575,12,127.951
1701,204843,6260,52926
1702,165,14,48.05
1703,1826,159,517.794
1704,700,88,232.749
1705,298,33,88.9502
1706,12430,504,3127.35
1707,3292,150,806.265
1708,247,34,80.5001
1709,46,7,16.6
1710,2972,102,711.156
1711,515,79,168.4
1712,1412,65,379.396
1713,3314,331,975.269
1714,273,44,90.3502
1715,4432,204,1194.18
1716,1060,82,287.948
1717,618,64,186.1
1718,216,13,61.3001
1719,495,52,151.45
1720,922,124,290.948
1721,247,29,74.0001
1722,5790,553,1737.47
1723,1767,181,516.995
1724,3872,488,1187.78
1725,2079,132,564.447
1726,466,67,155.35
1727,494,30,124.65
1728,549,67,176.65
1729,220,35,77.0001
1730,154,16,47.2
1731,817,90,259.799
1732,2428,370,838.608
1733,1885,207,599.848
1734,135,8,38
1735,1723,107,463.844
1736,25,5,8.9
1737,4535,288,1200.49
1738,312,14,79.1002
1739,4447,299,1218.39
1740,451,26,107.75
1741,400,13,90.5503
1742,1618,143,497.595
1743,419,39,119.55
1744,147,20,45.2
1745,722,50,198.05
1746,3394,566,1191.97
1747,701,95,225.799
1748,698,67,204.399
1749,875,134,303.799
1750,329,25,96.2502
1751,136,18,45.75
1752,730,68,211.249
1753,1576,133,445.745
1754,66,7,22
1755,34,3,9.15
1756,1753,236,576.648
1757,2194,238,688.153
1758,2266,222,686.703
1759,2288,339,757.805
1760,4912,628,1594.2
1761,1952,328,694.452
1762,2364,335,788.307
1763,1657,203,533.146
1764,3796,457,1211.68
1765,1162,152,376.697
1766,1971,191,587.448
1767,6128,414,1646.48
1768,377,51,120.75
1769,1262,133,371.347
1770,1728,182,519.345
1771,2337,241,725.504
1772,1973,298,666.103
1773,1378,203,481.846
1774,10354,718,2901.62
1775,1883,270,616.649
1776,5455,809,1842.86
1777,8707,1015,2794.69
1778,2754,355,875.062
1779,261,37,82.3001
1780,1123,146,360.497
1781,3664,443,1147.58
1782,1727,222,568.348
1783,2447,257,742.409
1784,4672,225,1194.04
1785,1090,74,286.098
1786,5375,444,1597.26
1787,1725,67,424.295
1788,378,15,87.3003
1789,2435,275,781.559
1790,509,77,176.15
1791,2530,221,728.006
1792,491,83,176.45
1793,2317,47,526.393
1794,13581,652,3725.85
1795,954,54,240.599
1796,3852,99,959.723
1797,7110,332,1945.64
1798,12087,605,3351.16
1799,2219,54,506.992
1800,3250,142,860.812
1801,2664,130,727.153
1802,2010,40,477.093
1803,273,36,88.5002
1804,820,118,269.349
1805,189,21,55.9501
1806,96,11,31.1
1807,3080,367,975.565
1808,15572,1858,4875.81
1809,791,143,293.599
1810,136,27,57.9
1811,135,19,44.8
1812,395,49,126.1
1813,31,4,12.1
1814,722,84,224.849
1815,276,36,90.1502
1816,204,36,72.6001
1817,5049,328,1293.15
1818,2038,128,519.043
1819,445,19,106.6
1820,2692,176,694.704
1821,1970,135,515.544
1822,1856,125,495.643
1823,349,24,91.5003
1824,122,11,32.6
1825,59,11,22.25
1826,72,11,22.85
1827,590,75,175.35
1828,1018,79,270.848
1829,44,2,9.8
1830,1489,210,505.945
1831,53,4,14.5
1832,49,4,11.05
1833,130,18,46.35
1834,3873,408,1173.33
1835,2145,244,658.751
1836,133,20,43.1
1837,895,76,264.699
1838,269,54,99.6001
1839,185,25,60.1
1840,1324,169,419.346
1841,523,83,180.8
1842,45,8,15.95
1843,524,58,165.7
1844,1351,174,432.296
1845,2673,297,825.911
1846,10058,1219,3267.42
1847,490,84,178.65
1848,4442,141,1014.48
1849,14021,1411,4273.7
1850,1489,196,488.495
1851,3424,420,1056.62
1852,2256,231,669.904
1853,4503,216,1157.59
1854,31174,1574,8048.98
1855,3033,242,827.462
1856,549,73,179.5
1857,4569,439,1355.54
1858,1398,145,417.996
1859,7474,353,1965
1860,2775,222,763.208
1861,3376,197,829.713
1862,2549,194,706.253
1863,1787,141,479.694
1864,1931,102,468.443
1865,6853,563,1951.03
1866,2795,201,758.707
1867,4113,385,1181.08
1868,10298,391,2540.79
1869,9187,873,2688.25
1870,1336,99,353.847
1871,13452,1129,3713.23
1872,467,26,120.35
1873,8245,795,2430.46
1874,3720,228,984.619
1875,1536,193,501.545
1876,1067,75,293.398
1877,1953,237,631.501
1878,1616,202,523.596
1879,3534,294,1001.42
1880,36014,1459,9103.64
1881,1035,108,301.048
1882,7048,800,2248.75
1883,1407,138,427.046
1884,3306,389,1055.92
1885,6086,794,2023.78
1886,2003,261,665.251
1887,6967,789,2187.66
1888,1014,98,291.798
1889,882,97,272.799
1890,5310,629,1661.66
1891,249,35,83.9001
1892,627,93,210.299
1893,186,29,62.0001
1894,13517,704,3898.74
1895,6561,353,1641.88
1896,1223,140,369.947
1897,2293,242,697.704
1898,617,56,175.25
1899,1223,141,382.647
1900,7738,721,2279.7
1901,5078,752,1699.9
1902,3572,462,1127.42
1903,4835,403,1316.1
1904,3922,435,1185.63
1905,6537,772,1990.39
1906,1462,149,416.446
1907,4077,485,1244.33
1908,9365,1576,3245.83
1909,5357,929,1877.06
1910,3322,465,1050.92
1911,3228,431,1017.82
1912,6127,713,1852.48
1913,7386,1004,2380.73
1914,4518,896,1668.85
1915,7540,895,2286.89
1916,2908,346,919.464
1917,1116,137,349.397
1918,7411,1014,2446.06
1919,4829,721,1587.75
1920,1334,197,448.996
1921,7303,542,1982.25
1922,2410,353,802.706
1923,2807,500,1010.92
1924,1659,260,566.147
1925,7264,912,2302.99
1926,6754,722,2025.14
1927,2824,395,919.564
1928,3766,512,1235.63
1929,6522,764,1990.18
1930,10028,1415,3280.55
1931,6290,836,1977.88
1932,2469,239,692.902
1933,30270,1038,7966.42
1934,7365,224,1857.75
1935,42280,3379,12397
1936,3732,160,1175.07
1937,8261,835,2445.12
1938,3503,204,943.667
1939,61272,4655,17127.8
1940,194,14,52.7001
1941,755,106,248.799
1942,3876,352,1120.18
1943,5498,486,1644.51
1944,80,7,23.05
1945,571,34,143.05
1946,4385,360,1210.54
1947,171,22,57.4
1948,61,13,25.75
1949,182,22,58.45
1950,305,40,95.5002
1951,369,51,122.1
1952,858,94,261.399
1953,2320,199,650.802
1954,166,17,47.15
1955,997,139,317.948
1956,151,8,35.6
1957,2704,320,834.21
1958,608,88,205.749
1959,11,0,2.7
1960,270,18,67.3501
1961,1507,44,337.996
1962,128,15,43.5
1963,71,4,18.4
1964,67,4,16
1965,78,4,18.85
1966,325,31,99.7002
1967,11,2,3.35
1968,512,53,161.15
1969,2951,381,949.664
1970,67,9,19.95
1971,26,0,4.95
1972,65,5,14.3
1973,3931,554,1321.73
1974,2319,104,577.547
1975,122,6,28.65
1976,107,4,32.8
1977,630,100,209.649
1978,81,11,26.75
1979,262,11,69.9501
1980,47,2,13.4
1981,65,5,18.05
1982,34,3,10.35
1983,417,58,141.7
1984,2158,314,704.903
1985,91,12,31.5
1986,1884,141,502.344
1987,3554,284,985.119
1988,269,45,93.9001
1989,446,25,111.4
1990,435,28,107.5
1991,6126,569,1793.37
1992,346,15,77.2502
1993,53,3,13.05
1994,62,0,10.95
1995,314,11,76.2502
1996,451,40,125.5
1997,138,25,48.1
1998,33,2,7.4
1999,72,12,25.65
2000,71,9,20.55
2001,437,33,120.15
2002,2509,313,791.658
2003,76,1,16.3
2004,55,10,18.1
2005,96,9,28.65
2006,444,53,136.1
2007,7,0,1.2
2008,342,14,84.6502
2009,2080,166,585.398
2010,326,11,70.5501
2011,17,0,3.6
2012,212,26,68.0001
2013,92,5,23.75
2014,337,72,125.25
2015,1129,63,277.048
2016,7,0,1.35
2017,7,0,2.25
2018,78,5,18.05
2019,292,21,76.0502
2020,22,2,5.9
2021,2483,347,811.408
2022,1887,104,459.943
2023,583,22,140.05
2024,1152,48,277.348
2025,1937,201,567.747
2026,178,24,56.25
2027,60181,3679,16214.6
2028,657,17,136.55
2029,263,32,75.9502
2030,5880,473,1669.92
2031,400,35,120.2
2032,183,27,65.4001
2033,289,46,101.2
2034,32595,4348,10573
2035,970,117,296.398
2036,124,9,32.85
2037,29,7,11.65
2038,71,2,18.2
2039,23,3,7.35
2040,3,0,0.6
2041,54,12,21.3
2042,28,5,9.65
2043,59,3,13.95
2044,16,1,3.85
2045,119,4,25.15
2046,80,4,20.05
2047,81,19,34
2048,329,50,110.15
2049,454,61,142
2050,2451,156,643.052
2051,367,43,108.4
2052,1965,207,584.848
2053,1522,186,467.845
2054,26962,2815,8009.48
2055,1816,217,543.096
2056,3623,272,980.921
2057,820,79,239.799
2058,279,33,86.5502
2059,3146,421,1052.52
2060,34719,4061,10801.2
2061,724,98,232.999
2062,4540,519,1424.74
2063,29045,1646,7700.68
2064,381,32,108.5
2065,15968,1616,4882.05
2066,81,1,16.45
2067,4143,115,956.524
2068,3460,214,948.869
2069,367,53,117.35
2070,1724,183,511.344
2071,105,12,33
2072,1483,89,377.146
2073,1698,82,410.794
2074,6594,833,2113.92
2075,21,0,3.3
2076,13010,1412,3983.62
2077,2607,210,721.504
2078,7,0,1.8
2079,1317,127,371.196
2080,1802,227,570.197
2081,130,14,37.7
2082,985,106,305.948
2083,2178,260,685.103
2084,161,17,48.05
2085,35478,3198,10304.1
2086,40218,4151,12040.2
2087,1523,140,429.795
2088,2484,324,823.958
2089,1569,165,487.795
2090,755,83,223.399
2091,49,1,9.4
2092,5211,542,1535.66
2093,3523,174,858.616
2094,190,11,44.6
2095,42,5,12.35
2096,18,0,3.15
2097,2072,251,635.901
2098,196,18,55.8001
2099,270,6,63.4501
2100,1812,63,441.144
2101,182,35,66.2001
2102,1411,31,358.147
2103,3649,126,894.919
2104,4860,478,1453.95
2105,920,91,278.348
2106,736,87,232.649
2107,4931,628,1617.45
2108,1578,174,501.745
2109,409,24,108.6
2110,578,75,188.25
2111,11039,755,3083.18
2112,679,88,222.7
2113,1642,131,472.995
2114,55,4,15.4
2115,256,5,55.2501
2116,905,61,242.199
2117,4321,602,1426.44
