site_name,cnt,bk,score
2,23790351,1966843,6.43933e+06
3,2,0,0.3
4,5,0,1.05
5,11,3,4.35
6,13748,772,3733.83
7,33522,2112,9796.17
8,943325,61648,256109
9,39882,3087,10990.3
10,98754,6600,27400.6
11,2605866,211384,764745
13,695341,64652,211265
14,52927,3616,15688.5
15,84258,5498,23066.6
16,6686,398,1640.09
17,372084,25681,105492
18,258955,10851,73380.9
19,11662,1381,4595.99
20,22735,1368,6314.26
21,21247,1295,5770.85
22,138697,8659,38692.5
23,730361,46698,204134
24,2363595,148258,677274
25,212330,12930,59235
26,152608,11175,44363.8
27,103430,5842,28597.6
28,228923,16387,65633.8
29,79432,5498,23767.7
30,247401,18897,67905.2
31,13381,916,3831.62
32,90465,6305,26357.5
33,174960,9423,50548.7
34,1784564,158495,546620
35,106929,3900,28297
36,43788,2486,12309.5
37,2013818,168330,595840
38,7549,529,2241.76
40,47116,4519,14977
41,903,123,363.448
43,3419,127,845.363
44,3242,146,959.614
45,5009,223,1397.55
46,39240,1880,11891.4
47,1062,45,343.498
48,17598,617,4866.4
53,9112,1096,3048.76
